iterations	fieldSize	threads		time
10		100		1		0.00446481 s
10		100		2		0.00601433 s
10		100		3		0.00295179 s
10		100		4		0.00289152 s
10		100		5		0.00301714 s
10		100		6		0.00320723 s
10		100		7		0.00947952 s
10		100		8		0.0111982 s
10		200		1		0.0151187 s
10		200		2		0.010202 s
10		200		3		0.0116243 s
10		200		4		0.00850692 s
10		200		5		0.0119596 s
10		200		6		0.00730863 s
10		200		7		0.0125876 s
10		200		8		0.00683213 s
10		300		1		0.0344744 s
10		300		2		0.0204559 s
10		300		3		0.0150381 s
10		300		4		0.015002 s
10		300		5		0.0155852 s
10		300		6		0.0180618 s
10		300		7		0.0202829 s
10		300		8		0.0172094 s
10		400		1		0.0589294 s
10		400		2		0.0331122 s
10		400		3		0.0237411 s
10		400		4		0.0243811 s
10		400		5		0.0276173 s
10		400		6		0.0228722 s
10		400		7		0.0293925 s
10		400		8		0.0236363 s
10		500		1		0.0931999 s
10		500		2		0.0511137 s
10		500		3		0.0367079 s
10		500		4		0.0346125 s
10		500		5		0.0393084 s
10		500		6		0.0402921 s
10		500		7		0.0394541 s
10		500		8		0.0334349 s
10		600		1		0.131429 s
10		600		2		0.0709895 s
10		600		3		0.0511199 s
10		600		4		0.0472754 s
10		600		5		0.0545322 s
10		600		6		0.050631 s
10		600		7		0.0512462 s
10		600		8		0.0462131 s
10		700		1		0.181028 s
10		700		2		0.0970754 s
10		700		3		0.0698957 s
10		700		4		0.0842087 s
10		700		5		0.0740344 s
10		700		6		0.0701364 s
10		700		7		0.065653 s
10		700		8		0.064123 s
10		800		1		0.232646 s
10		800		2		0.123806 s
10		800		3		0.0889805 s
10		800		4		0.122677 s
10		800		5		0.0957544 s
10		800		6		0.0859039 s
10		800		7		0.081495 s
10		800		8		0.0812836 s
10		900		1		0.29085 s
10		900		2		0.154038 s
10		900		3		0.107886 s
10		900		4		0.0926829 s
10		900		5		0.123123 s
10		900		6		0.115852 s
10		900		7		0.102231 s
10		900		8		0.0942782 s
10		1000		1		0.362749 s
10		1000		2		0.192915 s
10		1000		3		0.135368 s
10		1000		4		0.116539 s
10		1000		5		0.148086 s
10		1000		6		0.136152 s
10		1000		7		0.138743 s
10		1000		8		0.118879 s
100		100		1		0.0368935 s
100		100		2		0.0304214 s
100		100		3		0.0213377 s
100		100		4		0.0193983 s
100		100		5		0.0188027 s
100		100		6		0.0178871 s
100		100		7		0.0158741 s
100		100		8		0.0172083 s
100		200		1		0.134502 s
100		200		2		0.0895233 s
100		200		3		0.0661354 s
100		200		4		0.0537982 s
100		200		5		0.0619434 s
100		200		6		0.0543061 s
100		200		7		0.0586076 s
100		200		8		0.0448338 s
100		300		1		0.305916 s
100		300		2		0.175582 s
100		300		3		0.126179 s
100		300		4		0.104265 s
100		300		5		0.127417 s
100		300		6		0.111979 s
100		300		7		0.100039 s
100		300		8		0.10708 s
100		400		1		0.530806 s
100		400		2		0.288351 s
100		400		3		0.19906 s
100		400		4		0.161632 s
100		400		5		0.216716 s
100		400		6		0.188731 s
100		400		7		0.177914 s
100		400		8		0.169601 s
100		500		1		0.838468 s
100		500		2		0.443846 s
100		500		3		0.30534 s
100		500		4		0.236073 s
100		500		5		0.331725 s
100		500		6		0.285326 s
100		500		7		0.259517 s
100		500		8		0.250099 s
100		600		1		1.19108 s
100		600		2		0.620931 s
100		600		3		0.42222 s
100		600		4		0.329046 s
100		600		5		0.448226 s
100		600		6		0.41216 s
100		600		7		0.36678 s
100		600		8		0.333703 s
100		700		1		1.63636 s
100		700		2		0.842811 s
100		700		3		0.576989 s
100		700		4		0.451118 s
100		700		5		0.582651 s
100		700		6		0.5524 s
100		700		7		0.50106 s
100		700		8		0.459517 s
100		800		1		2.11225 s
100		800		2		1.084 s
100		800		3		0.734685 s
100		800		4		0.673176 s
100		800		5		0.723431 s
100		800		6		0.719074 s
100		800		7		0.634843 s
100		800		8		0.58791 s
100		900		1		2.65016 s
100		900		2		1.35306 s
100		900		3		0.925373 s
100		900		4		0.766603 s
100		900		5		0.889331 s
100		900		6		0.888766 s
100		900		7		0.793405 s
100		900		8		0.723298 s
100		1000		1		3.29715 s
100		1000		2		1.6781 s
100		1000		3		1.14849 s
100		1000		4		0.8706 s
100		1000		5		1.10099 s
100		1000		6		1.10572 s
100		1000		7		0.994205 s
100		1000		8		0.935321 s
1000		100		1		0.344125 s
1000		100		2		0.25223 s
1000		100		3		0.202276 s
1000		100		4		0.161638 s
1000		100		5		0.160419 s
1000		100		6		0.144194 s
1000		100		7		0.156337 s
1000		100		8		0.118979 s
1000		200		1		1.2835 s
1000		200		2		0.860426 s
1000		200		3		0.645915 s
1000		200		4		0.51512 s
1000		200		5		0.547465 s
1000		200		6		0.470352 s
1000		200		7		0.442271 s
1000		200		8		0.488632 s
1000		300		1		2.93032 s
1000		300		2		1.67695 s
1000		300		3		1.20171 s
1000		300		4		0.973754 s
1000		300		5		1.17722 s
1000		300		6		1.02961 s
1000		300		7		0.87992 s
1000		300		8		0.83838 s
1000		400		1		5.0947 s
1000		400		2		2.76436 s
1000		400		3		1.9151 s
1000		400		4		1.48113 s
1000		400		5		2.03701 s
1000		400		6		1.75761 s
1000		400		7		1.5218 s
1000		400		8		1.40416 s
1000		500		1		8.01958 s
1000		500		2		4.22854 s
1000		500		3		2.93092 s
1000		500		4		2.28304 s
1000		500		5		3.16187 s
1000		500		6		2.71818 s
1000		500		7		2.39341 s
1000		500		8		2.17917 s
1000		600		1		11.3979 s
1000		600		2		5.91968 s
1000		600		3		4.06145 s
1000		600		4		3.03604 s
1000		600		5		4.33432 s
1000		600		6		3.82744 s
1000		600		7		3.4346 s
1000		600		8		3.01728 s
1000		700		1		15.6231 s
1000		700		2		8.03392 s
1000		700		3		5.51802 s
1000		700		4		4.12086 s
1000		700		5		5.68752 s
1000		700		6		5.241 s
1000		700		7		4.63172 s
1000		700		8		4.24893 s
1000		800		1		20.2261 s
1000		800		2		10.356 s
1000		800		3		7.06612 s
1000		800		4		5.30486 s
1000		800		5		7.22749 s
1000		800		6		6.82621 s
1000		800		7		5.99691 s
1000		800		8		5.44443 s
1000		900		1		25.4308 s
1000		900		2		12.9369 s
1000		900		3		8.78056 s
1000		900		4		6.67575 s
1000		900		5		8.54758 s
1000		900		6		8.51975 s
1000		900		7		7.65901 s
1000		900		8		6.95876 s
1000		1000		1		31.5889 s
1000		1000		2		16.0253 s
1000		1000		3		10.865 s
1000		1000		4		8.18736 s
1000		1000		5		10.6357 s
1000		1000		6		10.5135 s
1000		1000		7		9.46194 s
1000		1000		8		8.65524 s
