iterations	fieldSize	threads		time
10		100		1		0.0279557 s
10		100		2		0.0318374 s
10		100		3		0.0232994 s
10		100		4		0.0234342 s
10		100		5		0.0220213 s
10		100		6		0.00812426 s
10		100		7		0.0377835 s
10		100		8		0.038434 s
10		200		1		0.0173685 s
10		200		2		0.0131518 s
10		200		3		0.0170895 s
10		200		4		0.0150199 s
10		200		5		0.0204077 s
10		200		6		0.0229094 s
10		200		7		0.0227479 s
10		200		8		0.0216321 s
10		300		1		0.0387088 s
10		300		2		0.0297673 s
10		300		3		0.0302525 s
10		300		4		0.0422521 s
10		300		5		0.0304878 s
10		300		6		0.0366769 s
10		300		7		0.0321376 s
10		300		8		0.0342449 s
10		400		1		0.0658389 s
10		400		2		0.0430396 s
10		400		3		0.0500957 s
10		400		4		0.0417469 s
10		400		5		0.042806 s
10		400		6		0.0439412 s
10		400		7		0.0507684 s
10		400		8		0.0572725 s
10		500		1		0.106587 s
10		500		2		0.0702538 s
10		500		3		0.0763954 s
10		500		4		0.0630823 s
10		500		5		0.0644968 s
10		500		6		0.0633391 s
10		500		7		0.0728323 s
10		500		8		0.0736032 s
10		600		1		0.146309 s
10		600		2		0.0859459 s
10		600		3		0.102502 s
10		600		4		0.0897504 s
10		600		5		0.0955649 s
10		600		6		0.0871638 s
10		600		7		0.101882 s
10		600		8		0.111781 s
10		700		1		0.20388 s
10		700		2		0.119194 s
10		700		3		0.140793 s
10		700		4		0.116367 s
10		700		5		0.127452 s
10		700		6		0.122522 s
10		700		7		0.120112 s
10		700		8		0.128039 s
10		800		1		0.25817 s
10		800		2		0.155073 s
10		800		3		0.182821 s
10		800		4		0.180008 s
10		800		5		0.171942 s
10		800		6		0.156243 s
10		800		7		0.155663 s
10		800		8		0.167376 s
10		900		1		0.319146 s
10		900		2		0.189695 s
10		900		3		0.209333 s
10		900		4		0.184333 s
10		900		5		0.183432 s
10		900		6		0.18695 s
10		900		7		0.200351 s
10		900		8		0.194357 s
10		1000		1		0.400659 s
10		1000		2		0.225344 s
10		1000		3		0.258723 s
10		1000		4		0.222687 s
10		1000		5		0.238616 s
10		1000		6		0.243485 s
10		1000		7		0.240728 s
10		1000		8		0.238867 s
100		100		1		0.0433699 s
100		100		2		0.028385 s
100		100		3		0.0366686 s
100		100		4		0.0356072 s
100		100		5		0.0395988 s
100		100		6		0.0421578 s
100		100		7		0.049168 s
100		100		8		0.0515313 s
100		200		1		0.14348 s
100		200		2		0.0851561 s
100		200		3		0.104172 s
100		200		4		0.110489 s
100		200		5		0.0991321 s
100		200		6		0.0853126 s
100		200		7		0.113363 s
100		200		8		0.108871 s
100		300		1		0.329067 s
100		300		2		0.185196 s
100		300		3		0.226586 s
100		300		4		0.183338 s
100		300		5		0.21009 s
100		300		6		0.192631 s
100		300		7		0.209973 s
100		300		8		0.202538 s
100		400		1		0.563301 s
100		400		2		0.299915 s
100		400		3		0.386554 s
100		400		4		0.302819 s
100		400		5		0.330831 s
100		400		6		0.295792 s
100		400		7		0.328997 s
100		400		8		0.300688 s
100		500		1		0.89119 s
100		500		2		0.467351 s
100		500		3		0.608877 s
100		500		4		0.504264 s
100		500		5		0.501615 s
100		500		6		0.467172 s
100		500		7		0.493772 s
100		500		8		0.476271 s
100		600		1		1.25395 s
100		600		2		0.657153 s
100		600		3		0.845824 s
100		600		4		0.676005 s
100		600		5		0.716157 s
100		600		6		0.661372 s
100		600		7		0.689572 s
100		600		8		0.657537 s
100		700		1		1.73148 s
100		700		2		0.898412 s
100		700		3		1.17161 s
100		700		4		0.981888 s
100		700		5		0.988117 s
100		700		6		0.898498 s
100		700		7		0.943562 s
100		700		8		0.912487 s
100		800		1		2.22213 s
100		800		2		1.14846 s
100		800		3		1.47314 s
100		800		4		1.21171 s
100		800		5		1.2348 s
100		800		6		1.15904 s
100		800		7		1.1709 s
100		800		8		1.16444 s
100		900		1		2.774 s
100		900		2		1.51128 s
100		900		3		1.79463 s
100		900		4		1.56014 s
100		900		5		1.5815 s
100		900		6		1.46224 s
100		900		7		1.47694 s
100		900		8		1.46205 s
100		1000		1		3.47909 s
100		1000		2		1.81301 s
100		1000		3		2.11864 s
100		1000		4		1.85021 s
100		1000		5		1.88694 s
100		1000		6		1.81614 s
100		1000		7		1.80558 s
100		1000		8		1.79853 s
1000		100		1		0.385406 s
1000		100		2		0.23228 s
1000		100		3		0.298661 s
1000		100		4		0.232903 s
1000		100		5		0.280333 s
1000		100		6		0.24484 s
1000		100		7		0.311097 s
1000		100		8		0.304813 s
1000		200		1		1.36383 s
1000		200		2		0.735843 s
1000		200		3		0.941554 s
1000		200		4		0.746322 s
1000		200		5		0.886838 s
1000		200		6		0.785065 s
1000		200		7		0.844841 s
1000		200		8		0.784864 s
1000		300		1		3.1453 s
1000		300		2		1.63796 s
1000		300		3		2.14148 s
1000		300		4		1.64321 s
1000		300		5		1.9201 s
1000		300		6		1.67708 s
1000		300		7		1.90771 s
1000		300		8		1.76655 s
1000		400		1		5.3623 s
1000		400		2		2.7711 s
1000		400		3		3.64058 s
1000		400		4		2.88433 s
1000		400		5		3.10831 s
1000		400		6		2.83173 s
1000		400		7		2.98141 s
1000		400		8		2.88135 s
1000		500		1		8.49458 s
1000		500		2		4.40829 s
1000		500		3		5.75391 s
1000		500		4		4.54928 s
1000		500		5		4.80282 s
1000		500		6		4.45229 s
1000		500		7		4.55628 s
1000		500		8		4.53936 s
1000		600		1		11.9702 s
1000		600		2		6.17209 s
1000		600		3		8.05115 s
1000		600		4		6.2643 s
1000		600		5		6.67478 s
1000		600		6		6.18849 s
1000		600		7		6.3588 s
1000		600		8		6.16038 s
1000		700		1		16.4848 s
1000		700		2		8.55232 s
1000		700		3		11.0294 s
1000		700		4		8.92278 s
1000		700		5		9.35279 s
1000		700		6		8.65602 s
1000		700		7		8.8227 s
1000		700		8		8.51775 s
1000		800		1		21.1853 s
1000		800		2		10.8817 s
1000		800		3		14.039 s
1000		800		4		12.0779 s
1000		800		5		11.8915 s
1000		800		6		11.0003 s
1000		800		7		11.26 s
1000		800		8		11.0763 s
1000		900		1		26.6824 s
1000		900		2		13.5733 s
1000		900		3		17.0608 s
1000		900		4		13.8319 s
1000		900		5		14.5683 s
1000		900		6		13.7484 s
1000		900		7		13.9693 s
1000		900		8		13.7282 s
1000		1000		1		33.1954 s
1000		1000		2		16.9901 s
1000		1000		3		20.547 s
1000		1000		4		17.528 s
1000		1000		5		17.9825 s
1000		1000		6		17.245 s
1000		1000		7		17.249 s
1000		1000		8		16.9348 s
