iterations	fieldSize	threads		time
10		100		1		0.00669372 s
10		100		2		0.013253 s
10		100		3		0.0030204 s
10		100		4		0.00270242 s
10		100		5		0.00265995 s
10		100		6		0.0124446 s
10		100		7		0.00246222 s
10		100		8		0.00253021 s
10		200		1		0.0120492 s
10		200		2		0.00663676 s
10		200		3		0.00561586 s
10		200		4		0.0134956 s
10		200		5		0.0050622 s
10		200		6		0.00359287 s
10		200		7		0.00393119 s
10		200		8		0.0109692 s
10		300		1		0.0176928 s
10		300		2		0.0140626 s
10		300		3		0.00721625 s
10		300		4		0.0116181 s
10		300		5		0.00790635 s
10		300		6		0.00670752 s
10		300		7		0.0149028 s
10		300		8		0.00566818 s
10		400		1		0.0341521 s
10		400		2		0.0212584 s
10		400		3		0.0180427 s
10		400		4		0.0174112 s
10		400		5		0.0121284 s
10		400		6		0.0131434 s
10		400		7		0.00971095 s
10		400		8		0.0244689 s
10		500		1		0.048278 s
10		500		2		0.0335195 s
10		500		3		0.0360597 s
10		500		4		0.0282453 s
10		500		5		0.0191767 s
10		500		6		0.0234668 s
10		500		7		0.0257957 s
10		500		8		0.0293406 s
10		600		1		0.0699004 s
10		600		2		0.0578674 s
10		600		3		0.0335679 s
10		600		4		0.033039 s
10		600		5		0.0377151 s
10		600		6		0.0255274 s
10		600		7		0.0219678 s
10		600		8		0.0235299 s
10		700		1		0.092801 s
10		700		2		0.0558582 s
10		700		3		0.042101 s
10		700		4		0.0480644 s
10		700		5		0.0416442 s
10		700		6		0.0394059 s
10		700		7		0.0381586 s
10		700		8		0.0472488 s
10		800		1		0.119493 s
10		800		2		0.101782 s
10		800		3		0.0665382 s
10		800		4		0.0558347 s
10		800		5		0.0548193 s
10		800		6		0.0471769 s
10		800		7		0.0509628 s
10		800		8		0.0461903 s
10		900		1		0.148738 s
10		900		2		0.0897272 s
10		900		3		0.0655128 s
10		900		4		0.072632 s
10		900		5		0.0616314 s
10		900		6		0.0603656 s
10		900		7		0.0597981 s
10		900		8		0.0567905 s
10		1000		1		0.198934 s
10		1000		2		0.109461 s
10		1000		3		0.112798 s
10		1000		4		0.0893916 s
10		1000		5		0.0805159 s
10		1000		6		0.0738837 s
10		1000		7		0.0723254 s
10		1000		8		0.0711182 s
100		100		1		0.0218563 s
100		100		2		0.0175486 s
100		100		3		0.0115864 s
100		100		4		0.0086909 s
100		100		5		0.0132714 s
100		100		6		0.00651129 s
100		100		7		0.00669291 s
100		100		8		0.0151591 s
100		200		1		0.0604553 s
100		200		2		0.0399522 s
100		200		3		0.0453378 s
100		200		4		0.0352476 s
100		200		5		0.02812 s
100		200		6		0.0281231 s
100		200		7		0.0260036 s
100		200		8		0.0291413 s
100		300		1		0.142227 s
100		300		2		0.0802096 s
100		300		3		0.0880932 s
100		300		4		0.0688578 s
100		300		5		0.0653765 s
100		300		6		0.0583046 s
100		300		7		0.0488056 s
100		300		8		0.0503606 s
100		400		1		0.239175 s
100		400		2		0.135229 s
100		400		3		0.149181 s
100		400		4		0.104725 s
100		400		5		0.0939894 s
100		400		6		0.0774222 s
100		400		7		0.0841224 s
100		400		8		0.0802914 s
100		500		1		0.389392 s
100		500		2		0.206634 s
100		500		3		0.138758 s
100		500		4		0.13253 s
100		500		5		0.151507 s
100		500		6		0.131377 s
100		500		7		0.130018 s
100		500		8		0.112718 s
100		600		1		0.523282 s
100		600		2		0.295784 s
100		600		3		0.325715 s
100		600		4		0.246276 s
100		600		5		0.199659 s
100		600		6		0.174518 s
100		600		7		0.175285 s
100		600		8		0.151613 s
100		700		1		0.73214 s
100		700		2		0.386446 s
100		700		3		0.261094 s
100		700		4		0.336641 s
100		700		5		0.27864 s
100		700		6		0.245002 s
100		700		7		0.220418 s
100		700		8		0.192064 s
100		800		1		0.921593 s
100		800		2		0.512198 s
100		800		3		0.337599 s
100		800		4		0.429467 s
100		800		5		0.35233 s
100		800		6		0.300281 s
100		800		7		0.282874 s
100		800		8		0.238967 s
100		900		1		1.17123 s
100		900		2		0.623763 s
100		900		3		0.695011 s
100		900		4		0.363762 s
100		900		5		0.432689 s
100		900		6		0.358743 s
100		900		7		0.339398 s
100		900		8		0.292432 s
100		1000		1		1.46721 s
100		1000		2		0.737653 s
100		1000		3		0.882447 s
100		1000		4		0.667781 s
100		1000		5		0.546294 s
100		1000		6		0.461848 s
100		1000		7		0.40038 s
100		1000		8		0.39429 s
1000		100		1		0.160594 s
1000		100		2		0.0971916 s
1000		100		3		0.0930988 s
1000		100		4		0.0763086 s
1000		100		5		0.0765992 s
1000		100		6		0.0730822 s
1000		100		7		0.0715389 s
1000		100		8		0.0681588 s
1000		200		1		0.549554 s
1000		200		2		0.286142 s
1000		200		3		0.199146 s
1000		200		4		0.266691 s
1000		200		5		0.212609 s
1000		200		6		0.190291 s
1000		200		7		0.171774 s
1000		200		8		0.16511 s
1000		300		1		1.27436 s
1000		300		2		0.651703 s
1000		300		3		0.472376 s
1000		300		4		0.606818 s
1000		300		5		0.482777 s
1000		300		6		0.414765 s
1000		300		7		0.380905 s
1000		300		8		0.331607 s
1000		400		1		2.11238 s
1000		400		2		1.10028 s
1000		400		3		0.746333 s
1000		400		4		0.998488 s
1000		400		5		0.831 s
1000		400		6		0.695061 s
1000		400		7		0.599429 s
1000		400		8		0.55019 s
1000		500		1		3.38616 s
1000		500		2		1.72471 s
1000		500		3		1.68999 s
1000		500		4		0.900555 s
1000		500		5		1.30949 s
1000		500		6		1.08354 s
1000		500		7		0.96519 s
1000		500		8		0.853591 s
1000		600		1		4.74419 s
1000		600		2		2.41381 s
1000		600		3		1.91815 s
1000		600		4		2.22247 s
1000		600		5		1.82826 s
1000		600		6		1.62076 s
1000		600		7		1.33958 s
1000		600		8		1.16871 s
1000		700		1		6.63171 s
1000		700		2		3.3864 s
1000		700		3		2.99173 s
1000		700		4		3.088 s
1000		700		5		2.50175 s
1000		700		6		2.09749 s
1000		700		7		1.95625 s
1000		700		8		2.17175 s
1000		800		1		9.02806 s
1000		800		2		4.62211 s
1000		800		3		4.37833 s
1000		800		4		3.96721 s
1000		800		5		3.42589 s
1000		800		6		2.7016 s
1000		800		7		2.37065 s
1000		800		8		2.18966 s
1000		900		1		10.5681 s
1000		900		2		5.68245 s
1000		900		3		4.27912 s
1000		900		4		4.90562 s
1000		900		5		3.98679 s
1000		900		6		3.32156 s
1000		900		7		2.99733 s
1000		900		8		2.68848 s
1000		1000		1		13.0005 s
1000		1000		2		7.73984 s
1000		1000		3		6.92692 s
1000		1000		4		5.98615 s
1000		1000		5		5.11032 s
1000		1000		6		4.14166 s
1000		1000		7		3.69326 s
1000		1000		8		3.29492 s
